40
0	198	182	319	275	278	199	191	357	428	357	289	21	30	491	179	150	295	425	390	22	121	36	125	427	443	319	425	182	270	488	498	95	93	202	378	458	346	455	999999	
-1	0	314	199	369	426	236	85	391	83	483	156	88	130	492	281	257	20	303	143	133	14	395	244	411	269	421	102	329	59	390	310	355	346	378	158	50	378	318	6	
-1	314	0	17	346	420	410	180	396	252	453	450	129	226	190	112	465	283	11	20	28	484	158	92	130	457	77	351	410	304	137	90	306	26	406	202	59	35	177	254	
-1	199	17	0	472	471	84	267	349	193	16	361	24	395	157	389	427	61	23	92	341	223	271	120	284	125	196	54	55	352	115	25	115	471	294	23	494	263	133	435	
-1	369	346	472	0	260	261	225	4	3	483	377	415	99	357	252	301	42	49	415	51	68	453	107	68	447	70	397	252	437	359	219	90	66	-1	461	434	452	312	302	
-1	426	420	471	260	0	130	107	474	387	56	353	113	6	21	78	281	483	372	386	471	359	415	260	328	128	321	273	251	55	72	435	463	365	29	391	84	488	172	142	
-1	236	410	84	261	130	0	270	329	51	344	110	64	402	333	383	308	398	122	149	296	439	469	364	464	14	406	314	233	74	350	439	484	453	365	-1	405	399	257	451	
-1	85	180	267	225	107	270	0	488	69	20	500	323	442	242	476	186	331	315	410	128	80	329	256	75	153	242	76	278	489	432	190	257	337	208	217	433	146	482	77	
-1	391	396	349	4	474	329	488	0	132	223	152	412	105	420	80	198	470	39	7	197	120	448	108	120	248	411	234	208	141	476	92	269	286	296	201	47	476	432	311	
-1	83	252	193	3	387	51	69	132	0	32	277	377	275	261	89	190	341	340	470	269	381	368	284	390	286	207	172	167	459	253	387	49	311	425	251	183	344	418	410	
-1	483	453	16	483	56	344	20	223	32	0	79	36	6	209	202	336	200	177	268	16	187	485	223	478	363	374	483	29	330	220	357	160	254	84	217	52	361	202	465	
-1	156	450	361	377	353	110	500	152	277	79	0	257	114	370	198	360	383	58	398	374	161	104	170	89	9	252	432	326	73	7	387	256	58	44	244	67	212	169	112	
-1	88	129	24	415	113	64	323	412	377	36	257	0	471	186	377	91	154	109	268	128	356	491	243	38	41	413	105	418	63	120	158	365	275	364	212	3	109	127	282	
-1	130	226	395	99	6	402	442	105	275	6	114	471	0	252	485	143	493	170	86	482	122	396	284	143	300	18	409	297	104	452	271	67	460	159	317	474	498	225	365	
-1	492	190	157	357	21	333	242	420	261	209	370	186	252	0	470	208	23	263	375	386	438	159	15	160	329	34	245	162	272	177	116	109	112	187	118	29	112	416	493	
-1	281	112	389	252	78	383	476	80	89	202	198	377	485	470	0	419	139	63	133	231	189	56	137	321	193	274	406	475	198	420	238	151	267	246	76	239	255	380	486	
-1	257	465	-1	301	281	308	186	198	190	336	360	91	143	208	419	0	320	41	367	335	208	238	54	184	118	59	287	199	110	369	230	57	274	131	325	274	221	363	196	
-1	20	283	61	42	483	398	-1	470	341	200	383	154	493	23	139	320	0	292	187	492	274	218	343	100	9	161	382	350	160	315	451	374	185	245	304	121	490	352	206	
-1	303	11	23	49	372	122	315	39	340	177	58	109	170	263	63	41	292	0	60	248	452	479	310	51	20	160	284	263	30	311	101	308	440	371	266	257	154	109	275	
-1	143	20	92	415	386	149	410	-1	470	268	398	268	86	375	133	367	187	60	0	99	254	132	10	375	162	100	141	449	431	44	384	410	12	380	176	134	219	115	220	
-1	133	28	341	51	471	296	128	197	269	16	374	128	482	386	231	335	492	248	99	0	9	169	436	103	189	212	73	36	62	50	242	1	331	477	382	499	62	378	213	
-1	14	484	223	68	359	439	80	120	381	187	161	356	122	438	189	208	274	452	254	9	0	237	467	167	304	322	196	280	416	479	129	469	152	191	281	465	264	403	44	
-1	395	158	271	453	415	469	329	448	368	485	104	491	396	159	-1	238	218	479	132	169	237	0	285	386	249	22	396	174	486	348	218	180	122	111	70	421	397	90	468	
-1	244	92	120	107	260	364	256	108	284	223	170	243	284	15	137	54	343	310	10	436	467	285	0	229	112	113	175	35	141	33	426	262	242	90	364	382	15	153	287	
-1	411	130	284	68	328	464	75	120	390	478	89	38	143	160	321	184	100	51	375	103	167	386	229	0	180	14	466	177	366	108	-1	173	323	387	414	6	313	321	114	
-1	269	457	125	447	128	14	153	248	286	363	9	41	300	329	193	118	9	20	162	189	304	249	-1	180	0	69	474	222	72	432	444	283	201	160	157	4	112	139	330	
-1	421	77	196	70	321	406	242	411	207	374	252	413	18	34	274	59	161	160	100	212	322	22	113	14	69	0	336	487	401	25	43	31	305	53	75	479	199	384	15	
-1	102	351	54	397	273	314	76	234	172	483	432	105	409	245	406	287	382	284	141	73	196	396	175	466	474	336	0	391	446	160	448	252	481	120	396	298	223	160	453	
-1	329	410	55	252	251	233	278	208	167	29	326	418	297	162	475	199	350	263	449	36	280	174	35	177	222	487	391	0	317	168	155	420	124	469	204	1	170	18	77	
-1	59	304	352	437	55	74	489	141	459	330	73	63	104	272	198	110	160	30	431	62	416	486	141	366	72	401	446	317	0	28	7	290	179	460	157	302	397	166	429	
-1	390	137	115	359	72	350	432	476	253	220	7	120	452	177	420	369	315	311	44	50	479	348	33	108	432	25	160	168	28	0	396	278	103	119	288	158	353	198	16	
-1	310	90	25	219	435	439	190	92	387	357	387	158	271	116	238	230	451	101	384	242	129	218	426	357	444	43	448	155	7	396	0	23	178	366	93	266	264	191	274	
-1	-1	306	115	90	463	484	257	269	49	160	256	365	67	109	151	57	374	308	410	1	469	180	262	173	283	31	252	420	290	278	23	0	303	42	31	305	56	91	45	
-1	346	26	471	66	365	453	337	286	311	254	58	275	460	112	267	274	185	440	12	331	152	122	242	323	201	305	481	124	179	103	178	303	0	393	355	93	370	380	451	
-1	378	406	294	93	29	365	208	296	425	84	44	364	159	187	246	131	245	371	380	477	191	111	90	387	160	53	120	469	460	119	366	42	393	0	459	282	67	361	65	
-1	158	202	23	461	391	114	217	201	251	217	244	212	317	118	76	325	304	266	176	382	281	70	364	414	157	75	396	204	157	288	93	31	355	459	0	326	145	444	359	
-1	50	59	494	434	84	405	433	47	183	52	67	3	474	29	239	274	121	257	134	499	465	421	382	6	4	479	298	1	302	158	266	305	93	282	326	0	42	244	89	
-1	378	35	263	452	488	399	146	476	-1	361	212	109	498	112	255	221	490	154	219	62	264	397	15	313	112	199	223	170	397	353	264	56	370	67	145	42	0	207	475	
-1	318	177	133	312	172	257	482	432	418	202	169	127	225	416	380	363	352	109	115	378	403	90	153	321	139	384	160	18	166	198	191	91	380	361	444	244	207	0	265	
-1	-1	-1	-1	-1	-1	-1	-1	-1	-1	-1	-1	-1	-1	-1	-1	-1	-1	-1	-1	-1	-1	-1	-1	-1	-1	-1	-1	-1	-1	-1	-1	-1	-1	-1	-1	-1	-1	-1	0	
